0.4472135954999579 0.8944271909999159
0.9438837346736188 0.11043152607484653
0.9538837346736188 0.11043152607484653
0.9486832980505138 0.31622776601683794
0.7071067811865475 0.7071067811865475
0.24253562503633297 0.9701425001453319
0.9938837346736188 0.11043152607484653
0.9138837346736188 0.11043152607484653
0.9238837346736188 0.11043152607484653
0.9338837346736188 0.11043152607484653
0.9638837346736188 0.11043152607484653
0.9438837346736188 0.11043152607484653
0.9538837346736188 0.11043152607484653
0.9486832980505138 0.31622776601683794
0.7071067811865475 0.7071067811865475
0.24253562503633297 0.9701425001453319
0.9938837346736188 0.11043152607484653
0.9138837346736188 0.11043152607484653